cam0:
  cam_overlaps: [1]
  T_cam_imu:
    - [-0.9998852242642406, -0.013522961078544133, 0.006831385051241187, 0.17541216744862287]
    - [-0.006890161859766396, 0.004304637029338462, -0.9999669973402087, 0.0036894333751345677]
    - [0.01349310815180704, -0.9998992947410829, -0.004397318352110671, -0.05810612695941222]
    - [0.0, 0.0, 0.0, 1.0]
  intrinsics: [527.9990706330082, 527.963495807245, 399.18451401412665, 172.8193108347693]
  resolution: [800, 400]
  distortion_coeffs: [-0.03559759964255725, -0.005093721310999416, 0.019716282737702494, -0.01583280039499382]
  camera_model: pinhole
  timeshift_cam_imu: -4.926753519571215e-06
  distortion_model: equidistant
cam1:
  cam_overlaps: [0]
  T_cam_imu:
    - [-0.9999948729203221, -0.00041104034603049364, -0.0031757170690647394, -0.12432919293024627]
    - [0.003173467277625304, 0.005362979695895791, -0.9999805835886111, 0.0023471917960152505]
    - [0.0004280636712633416, -0.9999855346426845, -0.005361647776383633, -0.05662052461099226]
    - [0.0, 0.0, 0.0, 1.0]
  intrinsics: [529.2496538273606, 529.4013679656194, 412.4733148308946, 172.1405434152354]
  resolution: [800, 400]
  distortion_coeffs: [-0.03696481607810142, 0.0102400942942071, -0.01632902510720569, 0.009597717025035516]
  camera_model: pinhole
  timeshift_cam_imu: -4.5217727146455115e-06
  distortion_model: equidistant
T_cam1_cam0:
  - [0.999867211010726, 0.009591886382536711, -0.013174067756669, -0.3004961618953472]
  - [-0.009603884302752923, 0.9999535222750985, -0.0008477593549240888, 0.0002870696089010898]
  - [0.0131653238445598, 0.0009741690043478774, 0.9999128588246174, 0.00337890826837825]
  - [0.0, 0.0, 0.0, 1.0]
